1764944798.375278 0.0000000 0.0000000 0.0000000 -0.0000000 -0.0000000 -0.0000000 1.0000000
1764944798.795494 -0.0020997 -0.0180426 0.0541828 -0.0118342 0.0161958 0.0000547 0.9997988
1764944799.275341 0.0184002 -0.0304701 0.1200397 -0.0078135 -0.0038453 0.0010068 0.9999616
1764944799.639430 0.0569303 -0.0464303 0.1729270 -0.0017714 -0.0060399 -0.0051703 0.9999669
1764944800.239522 0.0857989 -0.0590647 0.2493017 -0.0186369 -0.0242113 -0.0096647 0.9994864
1764944800.719475 0.0784021 -0.0790718 0.3520258 -0.0239849 -0.0108330 -0.0102731 0.9996008
1764944801.139414 0.0620880 -0.1007002 0.4201390 -0.0254473 -0.0006022 -0.0061770 0.9996569
1764944801.383519 0.0614979 -0.1070561 0.4563171 -0.0267449 -0.0006625 -0.0051695 0.9996287
1764944801.503397 0.0637981 -0.1106731 0.4763056 -0.0270554 -0.0011181 -0.0048269 0.9996217
1764944801.863439 0.0805006 -0.1339903 0.5566562 -0.0143536 -0.0001373 -0.0030933 0.9998922
1764944802.403578 0.0780027 -0.1516200 0.6548759 -0.0274509 -0.0066118 -0.0134615 0.9995106
1764944802.583458 0.0650863 -0.1661715 0.6942512 -0.0176271 0.0077870 -0.0176329 0.9996588
1764944802.703538 0.0539632 -0.1736498 0.7210556 -0.0201491 0.0114837 -0.0157915 0.9996063
1764944802.823428 0.0453904 -0.1808433 0.7456770 -0.0204009 0.0163890 -0.0079464 0.9996260
1764944803.003500 0.0284743 -0.1921152 0.7774569 -0.0198391 0.0167989 -0.0012874 0.9996612
1764944803.891344 0.0425304 -0.2290921 0.9262758 -0.0248508 0.0091279 -0.0032345 0.9996443
1764944804.611476 0.0427093 -0.2537019 1.0639845 -0.0316179 0.0141077 -0.0119989 0.9993284
1764944805.015382 0.0134617 -0.2809431 1.1509529 -0.0377381 0.0308848 -0.0064581 0.9987894
1764944805.215369 0.0081720 -0.2863567 1.1840389 -0.0484578 0.0331138 0.0040631 0.9982679
1764944805.415356 0.0054584 -0.2920723 1.2173924 -0.0491560 0.0292565 0.0023378 0.9983598
1764944805.615537 0.0113815 -0.2985366 1.2536411 -0.0455603 0.0222973 0.0026279 0.9987093
1764944806.219299 0.0404507 -0.3215164 1.3235149 -0.0492962 0.0537125 0.0079964 0.9973068
1764944807.407315 0.0261691 -0.3406143 1.3834637 -0.0538813 0.2146448 0.0618118 0.9732439
1764944807.887430 0.0269572 -0.3384758 1.3740408 -0.0565068 0.2650300 0.0751279 0.9596468
1764944808.727429 0.0394900 -0.3320499 1.3566217 -0.0534725 0.3663254 0.1016948 0.9233659
1764944810.531493 0.0376611 -0.3300986 1.2907121 -0.0628336 0.3805445 0.0835031 0.9188390
1764944810.771469 0.0388036 -0.3313219 1.2906790 -0.0601409 0.3886441 0.0855035 0.9154387
1764944811.735653 0.0412849 -0.3397762 1.3122414 -0.0553545 0.4473062 0.1106776 0.8857785
1764944812.499630 0.0478997 -0.3412745 1.3158910 -0.0553239 0.4873036 0.1249114 0.8624799
1764944815.631479 0.0643961 -0.3419886 1.2882326 -0.0554383 0.5976254 0.1416131 0.7872206
1764944815.751533 0.0638644 -0.3420224 1.2852349 -0.0550058 0.6033933 0.1423578 0.7827039
1764944817.319389 0.0696682 -0.3364760 1.2635779 -0.0609854 0.6309268 0.1598718 0.7567385
1764944818.807343 0.0837211 -0.3173141 1.1995296 -0.0617155 0.6310012 0.1537134 0.7578924
1764944819.127594 0.0786942 -0.3154900 1.1955667 -0.0627286 0.6261393 0.1566969 0.7612232
1764944819.247510 0.0791052 -0.3166748 1.1973869 -0.0627235 0.6297019 0.1567111 0.7582763
1764944819.407582 0.0796761 -0.3200815 1.2050761 -0.0611478 0.6374021 0.1550060 0.7522983
1764944819.651644 0.0813217 -0.3273393 1.2260774 -0.0576966 0.6455945 0.1554008 0.7454727
1764944820.855511 0.1174098 -0.3421785 1.2965040 -0.0664804 0.7254134 0.1629692 0.6654298
1764944820.975486 0.1196541 -0.3408661 1.2989457 -0.0707226 0.7315707 0.1668094 0.6572498
1764944821.135539 0.1227016 -0.3399563 1.2986830 -0.0725152 0.7430304 0.1744827 0.6420307
1764944821.979641 0.1264139 -0.3357657 1.2821841 -0.0738228 0.7867801 0.1878723 0.5832936
1764944822.423515 0.1180564 -0.3361554 1.2721735 -0.0736049 0.7990677 0.1912596 0.5652370
1764944822.543481 0.1149813 -0.3364894 1.2670903 -0.0735705 0.8027151 0.1934148 0.5593091
1764944823.187585 0.0965840 -0.3446502 1.2295918 -0.0725695 0.8010473 0.1827154 0.5653956
1764944824.031622 0.0722470 -0.3352783 1.1862823 -0.0693754 0.8175861 0.1939974 0.5376850
1764944824.231598 0.0720195 -0.3316737 1.1823478 -0.0720950 0.8192999 0.2012377 0.5320277
1764944824.511573 0.0698320 -0.3291235 1.1703652 -0.0718084 0.8245125 0.2045737 0.5226588
1764944824.795546 0.0658579 -0.3244754 1.1598164 -0.0753618 0.8286194 0.2042712 0.5157363
1764944824.915496 0.0635343 -0.3231492 1.1540824 -0.0757170 0.8290232 0.2058448 0.5144078
1764944825.515563 0.0469633 -0.3083088 1.1096323 -0.0755344 0.8332496 0.2061997 0.5074164
1764944825.679455 0.0448747 -0.3062142 1.1012146 -0.0772036 0.8324771 0.2099816 0.5068818
1764944826.159529 0.0392575 -0.3006682 1.0769036 -0.0797389 0.8327937 0.2147350 0.5039696
1764944826.279541 0.0487821 -0.2977380 1.0833226 -0.0797872 0.8462049 0.2148196 0.4810653
1764944826.459527 0.0684097 -0.3006664 1.0917763 -0.0813838 0.8614607 0.2213386 0.4497458
1764944826.759511 0.1004221 -0.3025679 1.1016568 -0.0781181 0.8825502 0.2320123 0.4014636
1764944826.939715 0.1135665 -0.3041436 1.1057248 -0.0782683 0.8931863 0.2362948 0.3745091
1764944827.119648 0.1215743 -0.3021779 1.1028079 -0.0768856 0.9042951 0.2365219 0.3469817
1764944827.239645 0.1269044 -0.3044741 1.1087396 -0.0771841 0.9085711 0.2408046 0.3324970
1764944827.603698 0.1298145 -0.2977449 1.1002467 -0.0737301 0.9087399 0.2528542 0.3237600
1764944827.783606 0.1282737 -0.3011948 1.1038191 -0.0685116 0.9122159 0.2550040 0.3132750
1764944828.863559 0.1301597 -0.2981920 1.0962195 -0.0791036 0.9270780 0.2551420 0.2630049
1764944829.043536 0.1305364 -0.2974370 1.0960209 -0.0799997 0.9271652 0.2570817 0.2605259
1764944829.467588 0.1309456 -0.2971832 1.0941762 -0.0818314 0.9260321 0.2513102 0.2694651
1764944829.827521 0.1308753 -0.2972541 1.0945508 -0.0861031 0.9243873 0.2487652 0.2760620
1764944830.187642 0.1309940 -0.2974318 1.0957103 -0.0921466 0.9285257 0.2500242 0.2585283
1764944830.427463 0.1313481 -0.2965391 1.0933336 -0.0881766 0.9308375 0.2527859 0.2487284
1764944830.607463 0.1383690 -0.2954264 1.0609725 -0.0830855 0.9336843 0.2548127 0.2374889
1764944830.787663 0.1424926 -0.2846748 1.0446780 -0.0737836 0.9399774 0.2516203 0.2183706
1764944830.967562 0.1426362 -0.2844127 1.0443909 -0.0717061 0.9428909 0.2555072 0.2013233
1764944837.347716 0.1562764 -0.2593602 0.9959695 -0.0507988 0.9627385 0.2619598 0.0439437
1764944837.387791 0.1569884 -0.2593430 0.9957947 -0.0513204 0.9625341 0.2630202 0.0414082
1764944837.547584 0.1602951 -0.2585240 0.9947843 -0.0510173 0.9629418 0.2625886 0.0344600
1764944837.787751 0.1610633 -0.2600561 0.9969826 -0.0452918 0.9647353 0.2584306 0.0211720
1764944846.843679 0.1734872 -0.2574373 0.9970360 -0.0567773 0.9548540 0.2649003 0.1218939
1764944847.023885 0.1711087 -0.2574912 0.9953196 -0.0567698 0.9557137 0.2661489 0.1120411
1764944847.143647 0.1726272 -0.2569544 0.9959458 -0.0574561 0.9570813 0.2664472 0.0984894
1764944856.503895 0.1292608 -0.2619164 0.9966688 0.0377418 -0.9401840 -0.2550637 0.2226481
1764944857.751843 0.1232634 -0.2614581 0.9977004 0.0297311 -0.9252768 -0.2608296 0.2737642
1764944858.071763 0.1223745 -0.2606905 0.9976779 0.0264823 -0.9217957 -0.2626452 0.2839170
1764944860.723868 0.1037717 -0.2662882 1.0091200 0.0233899 -0.9011364 -0.2551562 0.3497162
1764944863.495767 0.0870303 -0.2709026 1.0208166 0.0149339 -0.8776883 -0.2452586 0.4114467
1764944865.383915 0.1044377 -0.2740194 1.0357648 0.0209609 -0.8670968 -0.2402492 0.4358717
1764944866.911927 0.0967159 -0.2775368 1.0490519 0.0196700 -0.8451234 -0.2426330 0.4759295
1764944867.835910 0.0980445 -0.2802916 1.0567687 0.0155525 -0.8354728 -0.2424301 0.4929208
1764944867.995982 0.0981427 -0.2802491 1.0555876 0.0119586 -0.8300353 -0.2437946 0.5014606
1764944868.359987 0.0967226 -0.2811199 1.0575886 0.0127487 -0.8310655 -0.2431085 0.5000659
1764944869.683953 0.0918261 -0.2926326 1.1071818 0.0186216 -0.8232580 -0.2408058 0.5137238
1764944870.087882 0.0949649 -0.2923488 1.1101387 0.0126065 -0.8147683 -0.2369382 0.5290123
1764944870.208019 0.0948720 -0.2921449 1.1091783 0.0142999 -0.8102183 -0.2335997 0.5373760
1764944870.568013 0.0985270 -0.2910156 1.1030459 0.0096253 -0.7929060 -0.2278690 0.5650514
1764944871.936153 0.1464397 -0.3053803 1.1012242 0.0129217 -0.7375450 -0.2236243 0.6370656
1764944873.743899 0.1196388 -0.2884041 1.1005659 0.0131993 -0.7024951 -0.2080116 0.6804835
1764944874.428116 0.1193178 -0.2938301 1.1147900 0.0058746 -0.6980427 -0.2137584 0.6833808
1764944874.548006 0.1209230 -0.2974554 1.1183436 0.0038713 -0.6994836 -0.2107793 0.6828468
1764944874.787853 0.1238123 -0.3007146 1.1235943 0.0057424 -0.7049145 -0.2114125 0.6770284
1764944876.116080 0.1365772 -0.3060971 1.1464427 -0.0048142 -0.6739424 -0.2071125 0.7091423
1764944876.756079 0.1380982 -0.3079445 1.1567446 -0.0008917 -0.6686479 -0.2040983 0.7150196
1764944876.839919 0.1378548 -0.3079618 1.1584437 -0.0018006 -0.6680474 -0.2037601 0.7156754
1764944876.959980 0.1378005 -0.3089825 1.1605774 -0.0016017 -0.6669163 -0.2033537 0.7168455
1764944877.120084 0.1366245 -0.3111666 1.1676728 -0.0011598 -0.6664239 -0.2015506 0.7178128
1764944877.240054 0.1378145 -0.3108232 1.1662102 -0.0000879 -0.6597295 -0.2002938 0.7243199
1764944878.084346 0.1402857 -0.3145249 1.1840919 -0.0007099 -0.6424195 -0.2026940 0.7390614
1764944878.443987 0.1433034 -0.3149826 1.1894711 0.0007229 -0.6292166 -0.2005432 0.7509118
1764944879.772074 0.1359354 -0.3135237 1.1758584 -0.0077707 -0.5632232 -0.1864430 0.8049585
1764944881.460143 0.1405014 -0.3160089 1.1938558 -0.0220665 -0.4929966 -0.1737220 0.8522254
1764944881.660127 0.1417168 -0.3162511 1.1965233 -0.0217392 -0.4824693 -0.1708263 0.8588185
1764944881.939930 0.1435069 -0.3191381 1.2006813 -0.0203230 -0.4754812 -0.1672741 0.8634373
1764944882.584084 0.1499735 -0.3174335 1.2130486 -0.0175001 -0.4545353 -0.1614128 0.8758067
1764944882.704144 0.1515224 -0.3188912 1.2159985 -0.0175494 -0.4498537 -0.1580484 0.8788313
1764944883.588164 0.1637498 -0.3208745 1.2715169 -0.0155342 -0.4351917 -0.1505759 0.8875211
1764944884.312081 0.1707908 -0.3192621 1.2870109 -0.0114616 -0.4028615 -0.1477371 0.9031861
1764944885.116157 0.1803850 -0.3217931 1.2994353 -0.0108996 -0.3752307 -0.1373696 0.9166312
1764944885.639971 0.1839003 -0.3222778 1.3047990 -0.0153725 -0.3544620 -0.1287050 0.9260429
1764944886.444036 0.1936136 -0.3224098 1.3086101 -0.0235931 -0.3128121 -0.1178686 0.9421778
1764944886.604234 0.1965022 -0.3210841 1.3060420 -0.0254343 -0.3155461 -0.1159354 0.9414578
1764944887.044042 0.1968655 -0.3183857 1.2956011 -0.0337477 -0.3219638 -0.1259693 0.9377271
1764944888.088275 0.2211115 -0.3177180 1.2936099 -0.0355319 -0.2187449 -0.0900965 0.9709638
1764944888.412095 0.2261916 -0.3168678 1.2950717 -0.0385757 -0.1929354 -0.0810015 0.9771011
1764944888.611968 0.2287202 -0.3178231 1.2950104 -0.0404374 -0.1800177 -0.0796040 0.9796028
1764944888.812172 0.2305588 -0.3170647 1.2957162 -0.0419194 -0.1693182 -0.0774539 0.9816186
1764944892.952140 0.2192075 -0.3108713 1.3131684 -0.0659451 -0.1422836 -0.0594974 0.9858330
1764944893.372078 0.2171165 -0.3129722 1.2962581 -0.0574325 -0.2299455 -0.0921008 0.9671319
1764944893.792142 0.2085380 -0.3107080 1.2965620 -0.0603936 -0.2931072 -0.1172227 0.9469422
1764944894.096231 0.2064496 -0.3102227 1.2959830 -0.0556830 -0.3146346 -0.1242019 0.9394032
1764944894.696124 0.1911462 -0.3089443 1.2932881 -0.0509765 -0.3817878 -0.1542867 0.9098545
1764944894.956072 0.1853258 -0.3100660 1.2936130 -0.0481785 -0.4059905 -0.1621564 0.8980845
1764944895.480148 0.1690437 -0.3156478 1.2858617 -0.0383252 -0.4590105 -0.1819909 0.8687462
1764944895.720300 0.1608056 -0.3179268 1.2875133 -0.0363632 -0.4966045 -0.1905563 0.8460201
1764944895.960242 0.1542388 -0.3167821 1.2796345 -0.0290247 -0.5261158 -0.2019880 0.8255668
1764944896.160358 0.1494589 -0.3177257 1.2779793 -0.0281847 -0.5552023 -0.2070122 0.8050478
1764944896.444168 0.1496034 -0.3200163 1.2702000 -0.0275985 -0.5942813 -0.2114219 0.7754799
1764944896.684213 0.1456642 -0.3184201 1.2578543 -0.0262825 -0.6215189 -0.2195740 0.7515389
1764944896.884357 0.1479030 -0.3173828 1.2509301 -0.0247576 -0.6439897 -0.2240352 0.7310762
1764944897.088164 0.1425346 -0.3125740 1.2367415 -0.0246825 -0.6617468 -0.2299555 0.7131637
1764944897.288272 0.1481428 -0.3124942 1.2367792 -0.0198210 -0.6869958 -0.2329803 0.6880146
1764944897.448102 0.1426847 -0.3077491 1.2193912 -0.0192790 -0.6985430 -0.2358068 0.6753230
1764944897.688269 0.1422532 -0.3052998 1.2079456 -0.0192188 -0.7147964 -0.2396230 0.6567173
1764944897.848068 0.1387585 -0.3014422 1.1984620 -0.0177674 -0.7223178 -0.2394496 0.6485408
1764944898.052193 0.1354678 -0.2972514 1.1868600 -0.0159442 -0.7354048 -0.2433256 0.6322327
1764944898.252197 0.1333717 -0.2928907 1.1733646 -0.0153644 -0.7511877 -0.2488722 0.6111822
1764944898.452161 0.1308215 -0.2878083 1.1586998 -0.0104124 -0.7620973 -0.2530529 0.5958720
1764944898.692398 0.1278893 -0.2801298 1.1291807 -0.0029805 -0.7619345 -0.2598650 0.5932260
1764944898.936271 0.1250829 -0.2809863 1.1000201 -0.0043399 -0.7680343 -0.2665555 0.5822823
1764944899.136412 0.1244090 -0.2790765 1.0824493 -0.0030243 -0.7786606 -0.2652521 0.5686123
1764944899.336270 0.1250353 -0.2768203 1.0686095 0.0042712 -0.7844780 -0.2681838 0.5591542
1764944899.576315 0.1299571 -0.2744924 1.0517907 0.0120513 -0.7946328 -0.2717697 0.5427290
1764944899.740414 0.1309081 -0.2720081 1.0443215 0.0170271 -0.8046983 -0.2752771 0.5257311
1764944899.940083 0.1339142 -0.2682867 1.0358049 0.0183176 -0.8145540 -0.2802601 0.5075633
1764944900.140293 0.1358501 -0.2641934 1.0220348 0.0191301 -0.8224849 -0.2868795 0.4907675
1764944900.380071 0.1395000 -0.2594221 1.0049149 0.0279527 -0.8342922 -0.2891869 0.4685576
1764944900.584156 0.1436201 -0.2580889 1.0004653 0.0270023 -0.8539218 -0.2834983 0.4355653
1764944900.784332 0.1456074 -0.2599142 0.9981942 0.0271346 -0.8737099 -0.2846408 0.3935407
1764944900.944228 0.1454302 -0.2602680 1.0010166 0.0329025 -0.8914334 -0.2847575 0.3509661
1764944901.304151 0.1399579 -0.2643347 1.0145853 0.0463315 -0.9080155 -0.2929185 0.2959055
1764944901.508325 0.1358951 -0.2653485 1.0210898 0.0456572 -0.9138433 -0.2879307 0.2826692
1764944901.748179 0.1386142 -0.2664858 1.0266579 0.0466717 -0.9277712 -0.2764335 0.2462661
1764944902.752407 0.1568333 -0.2713263 1.0433644 0.0592959 -0.9555784 -0.2782184 0.0771255
1764944903.236291 0.1589066 -0.2690718 1.0445867 0.0595818 -0.9558310 -0.2824042 0.0555436
1764944903.516358 0.1633177 -0.2685388 1.0322526 0.0586345 -0.9593900 -0.2697497 0.0580342
1764944903.716284 0.1675955 -0.2663072 1.0196185 0.0626070 -0.9583233 -0.2696227 0.0707134
1764944903.876246 0.1699744 -0.2628518 1.0072984 0.0590648 -0.9558622 -0.2755565 0.0831107
1764944905.204394 0.1749367 -0.2464357 0.9275404 0.0443475 -0.9508172 -0.2742521 0.1369883
1764944905.404215 0.1683446 -0.2431824 0.9188805 0.0503481 -0.9489679 -0.2756055 0.1447983
1764944905.604367 0.1633349 -0.2427343 0.9106637 0.0470291 -0.9489785 -0.2772028 0.1427821
1764944905.808227 0.1642571 -0.2422555 0.9047105 0.0550539 -0.9462972 -0.2811991 0.1497253
1764944906.008369 0.1669205 -0.2402235 0.8952441 0.0507816 -0.9464536 -0.2844180 0.1440599
1764944906.208353 0.1717196 -0.2385490 0.8874621 0.0526509 -0.9490946 -0.2850422 0.1232817
1764944906.368376 0.1801526 -0.2375128 0.8853039 0.0524174 -0.9512268 -0.2836185 0.1094560
1764944906.528597 0.1736833 -0.2383567 0.8876457 0.0448134 -0.9550580 -0.2838814 0.0725760
1764944906.652432 0.1729771 -0.2319417 0.8873255 0.0519266 -0.9596663 -0.2731898 0.0413708
1764944906.812267 0.1713317 -0.2324077 0.8872716 -0.0589446 0.9581264 0.2799492 0.0121536
1764944907.132249 0.1384286 -0.2368860 0.8910275 -0.0741216 0.9490519 0.2790835 0.1261699
1764944907.292389 0.1481722 -0.2344787 0.8946409 -0.0818915 0.9448599 0.2746755 0.1583885
1764944907.472286 0.1498810 -0.2353308 0.8964052 -0.0809809 0.9408076 0.2681873 0.1907845
1764944907.716283 0.1484778 -0.2380225 0.9005463 -0.0776024 0.9394909 0.2661095 0.2012972
1764944907.836447 0.1487589 -0.2386982 0.9052057 -0.0736583 0.9397295 0.2655035 0.2024621
1764944908.016346 0.1533522 -0.2390761 0.9112290 -0.0741544 0.9350094 0.2678570 0.2202528
1764944908.256260 0.1624544 -0.2430186 0.9212625 -0.0787863 0.9307206 0.2576954 0.2472752
1764944908.376353 0.1638200 -0.2459915 0.9294080 -0.0776159 0.9266764 0.2531242 0.2667862
1764944908.496246 0.1671637 -0.2467941 0.9341286 -0.0793322 0.9210089 0.2514698 0.2867263
1764944908.616411 0.1700021 -0.2470428 0.9382232 -0.0799799 0.9181954 0.2488633 0.2976364
1764944908.736256 0.1697149 -0.2477542 0.9424254 -0.0777360 0.9109621 0.2489029 0.3196131
1764944908.856551 0.1725522 -0.2484860 0.9457318 -0.0735680 0.9056906 0.2497774 0.3345499
1764944908.976474 0.1733514 -0.2485350 0.9472584 -0.0693964 0.9003285 0.2462628 0.3520617
1764944909.156605 0.1734084 -0.2482281 0.9469814 -0.0621052 0.8904753 0.2462155 0.3775906
1764944909.336265 0.1718802 -0.2456515 0.9439947 -0.0697284 0.8786614 0.2430959 0.4049648
1764944909.580259 0.1686835 -0.2447489 0.9387270 -0.0832154 0.8667212 0.2346819 0.4321966
1764944909.820398 0.1673665 -0.2433949 0.9337928 -0.0867457 0.8508413 0.2257284 0.4664665
1764944910.060403 0.1664085 -0.2416928 0.9324996 -0.0885219 0.8309691 0.2146397 0.5055532
1764944910.240319 0.1651943 -0.2418186 0.9332666 -0.0899623 0.8107789 0.2107457 0.5386378
1764944910.960479 0.1548213 -0.2474548 0.9424160 -0.0879654 0.7304662 0.1957833 0.6483442
1764944911.504390 0.1626987 -0.2445273 0.9458751 -0.0909403 0.7105375 0.1891001 0.6716453
1764944911.744426 0.1812078 -0.2418051 0.9465567 -0.0986677 0.7148563 0.1853647 0.6669970
1764944911.984362 0.2078001 -0.2394378 0.9475643 -0.0985887 0.7083875 0.1898448 0.6726264
1764944912.224479 0.2353773 -0.2368093 0.9503112 -0.0971321 0.7104928 0.1920885 0.6699756
1764944913.124477 0.2972434 -0.2349874 0.9464654 -0.0949896 0.6945543 0.1952620 0.6858893
1764944913.428343 0.3114592 -0.2344715 0.9368927 -0.0909394 0.7041851 0.1873826 0.6787792
1764944913.908523 0.3453537 -0.2279164 0.9220382 -0.0835927 0.6897187 0.1864411 0.6946511
1764944914.148365 0.3632930 -0.2273002 0.9142581 -0.0911131 0.6849418 0.1798995 0.7001352
1764944914.388424 0.3830363 -0.2257626 0.9113501 -0.0934291 0.6819599 0.1800735 0.7026914
1764944914.688426 0.4148046 -0.2225473 0.9180822 -0.0933306 0.6805354 0.1848888 0.7028351
1764944914.928396 0.4398976 -0.2245815 0.9260642 -0.0931782 0.6820790 0.1831487 0.7018139
1764944915.172233 0.4582914 -0.2271512 0.9325039 -0.0893437 0.6875415 0.1827264 0.6970763
1764944915.372459 0.4735821 -0.2276673 0.9329840 -0.0893765 0.6871768 0.1896113 0.6955914
1764944915.572430 0.4893588 -0.2244786 0.9306469 -0.0863571 0.6923875 0.1958931 0.6890340
1764944916.056392 0.5351837 -0.2184644 0.9082587 -0.0689222 0.6953653 0.1837425 0.6913434
1764944916.536384 0.5701047 -0.2044076 0.8841863 -0.0710158 0.6823503 0.1787657 0.7052643
1764944918.868434 0.6453140 -0.1867053 0.8618499 -0.0670168 0.8193749 0.2326975 0.5196013
1764944919.348354 0.6585483 -0.1876826 0.8685418 -0.0716677 0.8323717 0.2414609 0.4936778
1764944919.588503 0.6511530 -0.1899477 0.8632627 -0.0643194 0.8434058 0.2389430 0.4769025
1764944919.828392 0.6375651 -0.1892987 0.8612682 -0.0631772 0.8535308 0.2340591 0.4612052
1764944920.068332 0.6242692 -0.1899557 0.8647918 -0.0619832 0.8566951 0.2405941 0.4520465
1764944920.732342 0.5961089 -0.1916949 0.8686756 -0.0545964 0.8627641 0.2499958 0.4360727
1764944921.032430 0.5999988 -0.1914113 0.8660268 -0.0550396 0.8850957 0.2544121 0.3858118
1764944921.272486 0.6047986 -0.1904806 0.8648663 -0.0505688 0.8953126 0.2578042 0.3597154
1764944921.452468 0.6081055 -0.1900954 0.8650358 -0.0480479 0.8987688 0.2649757 0.3459680
1764944921.632370 0.6096807 -0.1898851 0.8640476 -0.0486565 0.9013991 0.2700099 0.3349728
1764944921.752543 0.6092007 -0.1914156 0.8638471 -0.0454203 0.9080401 0.2688451 0.3179976
1764944922.416377 0.6078200 -0.1928667 0.8663507 -0.0501718 0.9302803 0.2684966 0.2448896
1764944922.656564 0.6075088 -0.1914258 0.8680587 -0.0535777 0.9395296 0.2582895 0.2184035
1764944923.376629 0.6078850 -0.1910870 0.8663896 -0.0466556 0.9434863 0.2665326 0.1913563
1764944924.940547 0.6073537 -0.1917320 0.8677788 -0.0374804 0.9470534 0.2855040 0.1420306
1764944926.504393 0.6073333 -0.1918416 0.8679009 -0.0254406 0.9476309 0.2981815 0.1115181
1764944926.624428 0.6073160 -0.1918092 0.8678845 -0.0272945 0.9485086 0.2977834 0.1044579
1764944926.924567 0.6073041 -0.1918094 0.8678662 -0.0285877 0.9511653 0.2971829 0.0784202
1764944928.308417 0.6073863 -0.1915704 0.8676122 -0.0158125 0.9504136 0.2975627 0.0889964
1764944928.368446 0.6074063 -0.1914610 0.8675461 -0.0142405 0.9497031 0.2961546 0.1007658
1764944928.488556 0.6074211 -0.1916721 0.8676857 -0.0017962 0.9448808 0.3010706 0.1286606
1764944931.556501 0.6064289 -0.2040657 0.8858383 -0.0874501 0.7396255 0.2041760 0.6353100
1764944932.056560 0.5581127 -0.2055486 0.8817984 -0.0994534 0.7112797 0.1866025 0.6703504
1764944932.496472 0.5227865 -0.2142745 0.8882467 -0.0818811 0.7040150 0.1727615 0.6839678
1764944933.584464 0.4106788 -0.2318005 0.9139007 -0.1010654 0.7212900 0.1854909 0.6596360
1764944934.024647 0.3615348 -0.2283688 0.9004502 -0.0979962 0.7060359 0.1710284 0.6801907
1764944934.548535 0.2917757 -0.2251072 0.8824803 -0.0995613 0.6756806 0.1777961 0.7084715
1764944934.968674 0.2492978 -0.2288090 0.8841265 -0.0923483 0.6697078 0.1715306 0.7166175
1764944935.388592 0.1990324 -0.2323918 0.8897932 -0.0990192 0.6675019 0.1637416 0.7196007
1764944935.808498 0.1663429 -0.2352337 0.8866669 -0.1130255 0.6710361 0.1636517 0.7142507
1764944936.292716 0.1550204 -0.2316763 0.8724786 -0.1039125 0.6425403 0.1634128 0.7413774
1764944936.712633 0.1372605 -0.2241515 0.8428357 -0.1110743 0.5891715 0.1321746 0.7893475
1764944936.952583 0.1245705 -0.2201600 0.8262846 -0.1109024 0.5563385 0.1197682 0.8147661
1764944937.132564 0.1187368 -0.2200831 0.8195695 -0.1118958 0.5247376 0.1127055 0.8363177
1764944937.312551 0.1165293 -0.2204156 0.8164295 -0.0977100 0.4931281 0.1133061 0.8569943
1764944937.492697 0.1133992 -0.2234593 0.8185598 -0.0904605 0.4773262 0.1108360 0.8670017
1764944937.732543 0.1110712 -0.2256801 0.8271624 -0.0943213 0.4637321 0.1071311 0.8744020
1764944937.976601 0.1115682 -0.2287142 0.8367641 -0.0926428 0.4926761 0.1051470 0.8588548
1764944938.276585 0.1022770 -0.2346306 0.8648974 -0.0848527 0.5447019 0.1315592 0.8238884
1764944938.576567 0.0917562 -0.2389259 0.8830458 -0.0857330 0.5770269 0.1472384 0.7987558
1764944938.876674 0.0844943 -0.2375114 0.8891584 -0.0921805 0.5873955 0.1435821 0.7911090
1764944939.236609 0.0822197 -0.2372939 0.8908067 -0.0901731 0.5217307 0.1319036 0.8380139
1764944939.476734 0.0911917 -0.2387796 0.8911390 -0.0800355 0.4547293 0.1121334 0.8799101
1764944939.780582 0.1066039 -0.2319229 0.8749247 -0.0853963 0.3945949 0.0811991 0.9112678
1764944939.960588 0.1169733 -0.2297229 0.8606865 -0.0942981 0.3618232 0.0645953 0.9252132
1764944940.140575 0.1246066 -0.2294534 0.8548828 -0.0895856 0.3494549 0.0620915 0.9305914
1764944940.320604 0.1324375 -0.2295032 0.8581550 -0.0858131 0.3268666 0.0622074 0.9391084
1764944940.500490 0.1387714 -0.2312819 0.8657030 -0.0798738 0.3222987 0.0577412 0.9414933
1764944940.680666 0.1454556 -0.2344978 0.8764915 -0.0709279 0.3080010 0.0437003 0.9477315
1764944940.920553 0.1512905 -0.2381753 0.8898747 -0.0652693 0.2895543 0.0372486 0.9542069
1764944941.160474 0.1504479 -0.2406983 0.9004403 -0.0625847 0.2544780 0.0279076 0.9646478
1764944941.400654 0.1562467 -0.2405569 0.9060271 -0.0612423 0.2148876 0.0259800 0.9743704
1764944941.584488 0.1623678 -0.2401018 0.9054892 -0.0633155 0.1776841 0.0153158 0.9819292
1764944941.764580 0.1714324 -0.2407063 0.9024785 -0.0615132 0.1456194 0.0109322 0.9873660
1764944942.184486 0.2031873 -0.2399709 0.8801655 -0.0609327 0.0584120 -0.0030465 0.9964266
1764944942.604683 0.2062635 -0.2397228 0.8786337 -0.0641535 -0.0206144 -0.0169541 0.9975830
1764944943.024655 0.2002303 -0.2384544 0.9070588 -0.0515458 -0.0786837 -0.0462217 0.9944926
1764944943.448613 0.2008993 -0.2364140 0.9200622 -0.0479564 -0.1891711 -0.0732836 0.9780307
1764944943.868517 0.1537031 -0.2326108 0.9680763 -0.0378269 -0.3519106 -0.1195097 0.9276021
1764944944.068522 0.1556510 -0.2364448 0.9621981 -0.0307336 -0.4034946 -0.1350918 0.9044323
1764944947.964621 0.1504699 -0.2498132 0.9855449 -0.0461321 -0.3287678 -0.1114858 0.9366720
1764944948.328650 0.1461088 -0.2486343 0.9894383 -0.0475616 -0.3367058 -0.1182930 0.9329383
1764944948.728610 0.1471695 -0.2487796 0.9890594 -0.0445823 -0.3535530 -0.1140313 0.9273670
1764944949.412703 0.1700760 -0.2580499 0.9789853 -0.0420210 -0.4234437 -0.1454176 0.8931872
1764944949.732602 0.1732382 -0.2585741 0.9760227 -0.0372333 -0.4628088 -0.1532708 0.8723129
1764944950.096787 0.1758987 -0.2594653 0.9761189 -0.0377054 -0.4850487 -0.1535749 0.8600702
1764944950.536675 0.1764500 -0.2581255 0.9742816 -0.0305313 -0.5122471 -0.1644280 0.8423979
1764944950.820728 0.1781760 -0.2574047 0.9722613 -0.0314272 -0.5377947 -0.1763754 0.8238208
1764944951.260566 0.1795965 -0.2566787 0.9693235 -0.0274006 -0.5667793 -0.1841710 0.8025531
1764944951.504558 0.1801592 -0.2561144 0.9676582 -0.0268102 -0.5794562 -0.1887403 0.7923945
1764944951.664751 0.1798077 -0.2554141 0.9661793 -0.0286566 -0.5924504 -0.1940410 0.7813638
1764944951.864693 0.1797038 -0.2545915 0.9626951 -0.0283666 -0.6123677 -0.1998613 0.7643667
1764944952.144722 0.1782064 -0.2529964 0.9576495 -0.0260254 -0.6334573 -0.2066126 0.7452288
1764944952.428603 0.1779174 -0.2518241 0.9533336 -0.0261966 -0.6464072 -0.2103339 0.7329605
1764944952.708613 0.1781551 -0.2509291 0.9472980 -0.0327190 -0.6600772 -0.2066551 0.7214717
1764944952.828715 0.1763168 -0.2499483 0.9448284 -0.0361911 -0.6649393 -0.2105650 0.7156873
1764944952.988613 0.1720602 -0.2492772 0.9422297 -0.0367363 -0.6630183 -0.2148917 0.7161555
1764944953.232620 0.1696782 -0.2491920 0.9335293 -0.0348334 -0.6805762 -0.2094442 0.7012388
1764944953.432600 0.1665766 -0.2484425 0.9280106 -0.0356895 -0.6855354 -0.2070688 0.6970581
1764944953.672886 0.1619707 -0.2473461 0.9238194 -0.0377806 -0.6817568 -0.2090695 0.7000502
1764944953.872921 0.1559098 -0.2470819 0.9217924 -0.0344956 -0.6728058 -0.2084114 0.7090184
1764944954.072687 0.1499764 -0.2454445 0.9155081 -0.0327936 -0.6688638 -0.2076600 0.7130379
1764944954.276731 0.1415105 -0.2434456 0.9074107 -0.0311973 -0.6702827 -0.2070638 0.7119497
1764944954.476736 0.1323423 -0.2419239 0.9012281 -0.0311520 -0.6628540 -0.2033203 0.7199410
1764944954.636645 0.1268883 -0.2409750 0.8961443 -0.0372653 -0.6614155 -0.2045573 0.7206228
1764944954.836741 0.1167660 -0.2405238 0.8934566 -0.0380623 -0.6645866 -0.2086285 0.7164845
1764944955.080729 0.1028600 -0.2397562 0.8932856 -0.0379629 -0.6684058 -0.2083313 0.7130151
1764944955.280546 0.0879408 -0.2420866 0.8948547 -0.0383644 -0.6698682 -0.2005830 0.7138426
1764944955.520876 0.0743342 -0.2419797 0.8952308 -0.0338581 -0.6683185 -0.2113689 0.7124095
1764944955.760964 0.0587995 -0.2416778 0.8959962 -0.0390734 -0.6658797 -0.2197355 0.7118946
1764944956.004691 0.0425026 -0.2408624 0.8899946 -0.0368495 -0.6619329 -0.2234863 0.7145215
1764944956.364748 0.0202603 -0.2411426 0.8829290 -0.0302371 -0.6528813 -0.2176918 0.7248738
1764944956.604657 0.0076463 -0.2412846 0.8818458 -0.0360233 -0.6525816 -0.2160866 0.7253593
1764944956.768622 -0.0031222 -0.2414203 0.8834537 -0.0423784 -0.6538358 -0.2192728 0.7229261
1764944956.968602 -0.0178593 -0.2434031 0.8875539 -0.0310961 -0.6607791 -0.2098805 0.7199683
1764944957.408638 -0.0401770 -0.2425335 0.8956563 -0.0317991 -0.6809102 -0.2269233 0.6955976
1764944957.612756 -0.0486887 -0.2437764 0.8986502 -0.0340730 -0.6828105 -0.2323312 0.6918317
1764944958.052676 -0.0684816 -0.2456365 0.8989426 -0.0419875 -0.6785842 -0.2305471 0.6961384
1764944958.252628 -0.0784894 -0.2469865 0.8987623 -0.0419762 -0.6797251 -0.2254114 0.6967077
1764944958.496727 -0.0931200 -0.2466382 0.8965318 -0.0370785 -0.6771713 -0.2241408 0.6998751
1764944958.936685 -0.1180698 -0.2474185 0.8941721 -0.0446558 -0.6690380 -0.2212653 0.7081212
1764944959.541071 -0.1469942 -0.2490045 0.9071875 -0.0392563 -0.6880660 -0.2281591 0.6877264
1764944959.740764 -0.1536547 -0.2500406 0.9089764 -0.0389812 -0.6847091 -0.2285256 0.6909630
1764944959.940775 -0.1597741 -0.2501795 0.9087006 -0.0356218 -0.6827146 -0.2214977 0.6953924
1764944960.264830 -0.1737443 -0.2535172 0.9064949 -0.0242899 -0.6869934 -0.2175062 0.6929222
1764944961.632635 -0.2388836 -0.2551665 0.9119210 -0.0428466 -0.6825268 -0.2323314 0.6916238
1764944961.836724 -0.2444510 -0.2561907 0.9157811 -0.0455498 -0.6809501 -0.2335876 0.6925814
1764944962.960743 -0.2239898 -0.2532383 0.9062824 -0.0448163 -0.6676250 -0.2231178 0.7088631
1764944963.280748 -0.2115388 -0.2558524 0.9100465 -0.0440030 -0.6779625 -0.2244051 0.6986222
1764944963.604922 -0.1949168 -0.2556878 0.9135328 -0.0384568 -0.6858156 -0.2220744 0.6919978
1764944963.924773 -0.1783034 -0.2559087 0.9113375 -0.0397773 -0.6918640 -0.2184796 0.6870289
1764944964.324753 -0.1565505 -0.2541146 0.9065403 -0.0302452 -0.6827674 -0.2154964 0.6974778
1764944964.888808 -0.1176292 -0.2481743 0.8945585 -0.0368048 -0.6701903 -0.2226214 0.7070574
1764944965.168770 -0.1007512 -0.2482494 0.8920234 -0.0331090 -0.6717483 -0.2185066 0.7070452
1764944965.492895 -0.0782624 -0.2453754 0.8909782 -0.0314813 -0.6855339 -0.2209613 0.6929851
1764944965.772948 -0.0538806 -0.2424881 0.8895792 -0.0370522 -0.6826741 -0.2295615 0.6927371
1764944966.052742 -0.0364402 -0.2428253 0.8846585 -0.0381995 -0.6820504 -0.2410163 0.6893904
1764944966.336967 -0.0189599 -0.2431336 0.8767064 -0.0273670 -0.6786994 -0.2266975 0.6980161
1764944966.616733 0.0028783 -0.2398973 0.8683690 -0.0312278 -0.6636652 -0.2117596 0.7167505
1764944966.896868 0.0244533 -0.2380968 0.8616209 -0.0309626 -0.6589959 -0.2065280 0.7225732
1764944967.220765 0.0443529 -0.2387049 0.8581781 -0.0249249 -0.6607569 -0.2013524 0.7226592
1764944967.620894 0.0680633 -0.2372600 0.8625089 -0.0305355 -0.6724965 -0.2109861 0.7087319
1764944968.064869 0.0861124 -0.2358015 0.8586211 -0.0284452 -0.6884962 -0.2161128 0.6917074
1764944968.504876 0.0896388 -0.2328439 0.8471714 -0.0329637 -0.6723045 -0.2114795 0.7086583
1764944969.028811 0.0907414 -0.2286177 0.8319651 -0.0226279 -0.7320527 -0.2282391 0.6414777
1764944969.549087 0.0935429 -0.2303389 0.8470415 -0.0026339 -0.7977049 -0.2500167 0.5487728
1764944970.112831 0.1014888 -0.2321279 0.8566099 -0.0000259 -0.8526700 -0.2645037 0.4505461
1764944970.596948 0.1160530 -0.2318865 0.8476573 0.0066454 -0.8809702 -0.2692066 0.3890696
1764944970.836849 0.1220379 -0.2307310 0.8450126 0.0075550 -0.9022453 -0.2709701 0.3353679
1764944971.036779 0.1225550 -0.2306989 0.8452563 0.0132472 -0.9155842 -0.2750721 0.2930280
1764944971.276933 0.1216365 -0.2314395 0.8486267 0.0150127 -0.9324975 -0.2744394 0.2343203
1764944971.840870 0.1185580 -0.2311688 0.8497135 0.0168692 -0.9295161 -0.2726897 0.2477004
1764944972.041008 0.1154559 -0.2294738 0.8482371 0.0089028 -0.9186837 -0.2578542 0.2990856
1764944972.244932 0.1094466 -0.2281155 0.8463038 -0.0044800 -0.9085763 -0.2439852 0.3390284
1764944972.484764 0.1055006 -0.2278202 0.8448943 -0.0341725 -0.8935686 -0.2416402 0.3767988
1764944972.724843 0.1050229 -0.2275148 0.8440149 -0.0412921 -0.8682451 -0.2396617 0.4324439
1764944972.965060 0.1041205 -0.2262689 0.8413227 -0.0364760 -0.8464571 -0.2290047 0.4793086
1764944973.208925 0.1019753 -0.2249718 0.8379735 -0.0329543 -0.8268907 -0.2205424 0.5162624
1764944973.568924 0.0983230 -0.2237711 0.8356951 -0.0320100 -0.8095843 -0.2227918 0.5421370
1764944973.888930 0.0960609 -0.2228239 0.8353247 -0.0424841 -0.7819633 -0.2128697 0.5843073
1764944974.213134 0.0944724 -0.2218302 0.8360986 -0.0633609 -0.7443632 -0.1783182 0.6403993
1764944974.452887 0.0943257 -0.2217256 0.8362290 -0.0810109 -0.7161661 -0.1583819 0.6748767
1764944974.692927 0.0965047 -0.2212285 0.8370893 -0.1071572 -0.6772134 -0.1324794 0.7157854
1764944974.813154 0.0957128 -0.2219612 0.8362650 -0.1063908 -0.6511697 -0.1369461 0.7388538
1764944975.017002 0.1000570 -0.2216838 0.8369710 -0.1121960 -0.6156775 -0.1210923 0.7705128
1764944980.192855 0.0812245 -0.0639860 0.2444913 -0.0569929 -0.0073997 0.0063173 0.9983272
1764944981.213001 0.1132562 -0.0400851 0.1419992 -0.0565951 -0.0113579 0.0122727 0.9982572
1764944981.936802 0.1350026 -0.0215603 0.0647084 -0.0579579 0.0051425 0.0014979 0.9983047
1764944982.296924 0.1108032 -0.0121158 0.0369849 -0.0635934 0.0179548 0.0088560 0.9977751
1764944983.016849 0.0837703 -0.0051048 -0.0170826 -0.0542333 -0.0059192 -0.0015716 0.9985095
1764944983.320882 0.0897162 -0.0031994 -0.0338449 -0.0479544 -0.0490372 -0.0196194 0.9974522
1764944983.620920 0.1105597 0.0081357 -0.0593013 -0.0443626 -0.1013093 -0.0347483 0.9932578
1764944983.981112 0.1098287 0.0113900 -0.0847116 -0.0427722 -0.1286413 -0.0432121 0.9898256
1764944986.084982 0.0809918 0.0103752 -0.0921286 -0.0301299 -0.1143880 -0.0260877 0.9926364
1764944986.409053 0.0724950 0.0127614 -0.0912455 -0.0315781 -0.1575361 -0.0325401 0.9864717
1764944986.688977 0.0551562 0.0122698 -0.0848888 -0.0333530 -0.2044849 -0.0454031 0.9772472
1764944986.968903 0.0411253 0.0124048 -0.0914050 -0.0304251 -0.2553451 -0.0562889 0.9647304
1764944987.532959 0.0366875 0.0119347 -0.0976457 -0.0282348 -0.3367824 -0.0809872 0.9376681
1764944987.693065 0.0413431 0.0137991 -0.1015361 -0.0287517 -0.3475000 -0.0850384 0.9333732
1764944987.937003 0.0396336 0.0161133 -0.1050394 -0.0238882 -0.3790331 -0.0949158 0.9201925
1764944988.057058 0.0381168 0.0161276 -0.1096297 -0.0218519 -0.3973232 -0.0997766 0.9119766
1764944988.257072 0.0366427 0.0183009 -0.1157255 -0.0226624 -0.4226612 -0.1107351 0.8992117
1764944988.456899 0.0331177 0.0209992 -0.1165080 -0.0210987 -0.4475015 -0.1160369 0.8864720
1764944988.617017 0.0307871 0.0190166 -0.1218308 -0.0242781 -0.4687872 -0.1192613 0.8748862
1764944988.697015 0.0315035 0.0210433 -0.1203197 -0.0207439 -0.4790775 -0.1216299 0.8690573
1764944989.060912 0.0312202 0.0255456 -0.1434924 -0.0199429 -0.5212469 -0.1366217 0.8421630
1764944989.181399 0.0329058 0.0266694 -0.1440772 -0.0205659 -0.5280514 -0.1380598 0.8376624
1764944989.581095 0.0366698 0.0288565 -0.1569577 -0.0231019 -0.5321848 -0.1456257 0.8336899
1764944989.705076 0.0370758 0.0287491 -0.1573284 -0.0250395 -0.5364470 -0.1483979 0.8304070
1764944990.305038 0.0250504 0.0280569 -0.1501284 -0.0233055 -0.5825514 -0.1543021 0.7976726
1764944990.385016 0.0249819 0.0280420 -0.1500140 -0.0228322 -0.5853752 -0.1555485 0.7953737
1764944990.749231 0.0253751 0.0280145 -0.1498986 -0.0279033 -0.6123026 -0.1659264 0.7725124
1764944990.908993 0.0260284 0.0280052 -0.1497172 -0.0278019 -0.6204730 -0.1656232 0.7660347
1764944991.713217 0.0253227 0.0279464 -0.1489684 -0.0327079 -0.6770033 -0.1783354 0.7132975
1764944991.793140 0.0242167 0.0280611 -0.1488651 -0.0317552 -0.6822681 -0.1784669 0.7082735
1764944991.872900 0.0246241 0.0281046 -0.1492257 -0.0357703 -0.6866611 -0.1788043 0.7037372
1764944992.033080 0.0198310 0.0285839 -0.1497021 -0.0335671 -0.6884254 -0.1799508 0.7018272
1764944992.073121 0.0192350 0.0286443 -0.1496651 -0.0311501 -0.6852808 -0.1820351 0.7044736
1764944999.017110 -0.5683755 0.0274699 -0.2386909 -0.0442330 -0.6355926 -0.2072793 0.7423616
1764944999.217070 -0.5247101 0.0294654 -0.2254872 -0.0306998 -0.6540372 -0.2084150 0.7265370
1764944999.317054 -0.5009090 0.0300155 -0.2110467 -0.0347025 -0.6604542 -0.2139100 0.7189149
1764944999.417042 -0.4791325 0.0297251 -0.2019258 -0.0357137 -0.6659932 -0.2180852 0.7124721
1764944999.585320 -0.4418492 0.0324889 -0.1908087 -0.0340932 -0.6678898 -0.2248185 0.7086731
1764944999.685050 -0.4253080 0.0293512 -0.1854757 -0.0380302 -0.6671502 -0.2223283 0.7099539
1764945000.117119 -0.3668889 0.0279232 -0.1851585 -0.0370259 -0.6519395 -0.2108178 0.7274338
1764945000.317182 -0.3323166 0.0327606 -0.1990082 -0.0470479 -0.6410844 -0.2039692 0.7383725
1764945000.457193 -0.3111218 0.0336761 -0.2081432 -0.0477423 -0.6342246 -0.1988653 0.7456087
1764945000.537060 -0.3035592 0.0328255 -0.2054264 -0.0460915 -0.6287931 -0.1965922 0.7508970
1764945000.781181 -0.2745191 0.0314124 -0.2129501 -0.0435708 -0.6190318 -0.1903539 0.7607014
1764945000.981328 -0.2550865 0.0298074 -0.2035223 -0.0409258 -0.6124999 -0.1897675 0.7662619
1764945001.061175 -0.2441576 0.0277974 -0.2048381 -0.0406195 -0.6056178 -0.1861838 0.7726013
1764945001.141249 -0.2334123 0.0294964 -0.1997202 -0.0443775 -0.6043975 -0.1871909 0.7731066
1764945001.221045 -0.2256941 0.0281415 -0.1938510 -0.0486273 -0.5965173 -0.1853800 0.7793823
1764945001.501176 -0.1973261 0.0305852 -0.1749275 -0.0423798 -0.5760563 -0.1759986 0.7971120
1764945001.625087 -0.1828150 0.0270539 -0.1692258 -0.0391394 -0.5650241 -0.1706297 0.8062887
1764945001.745268 -0.1757544 0.0272275 -0.1575542 -0.0373663 -0.5506733 -0.1650237 0.8173921
1764945001.825085 -0.1643641 0.0242013 -0.1546692 -0.0346925 -0.5383977 -0.1585250 0.8269185
1764945001.945256 -0.1550673 0.0240790 -0.1460717 -0.0348725 -0.5184583 -0.1541641 0.8403680
1764945002.065119 -0.1140058 0.0174501 -0.1051119 -0.0393460 -0.5081704 -0.1455932 0.8479490
1764945002.185016 -0.1089540 0.0161305 -0.1001344 -0.0394581 -0.4885295 -0.1392631 0.8604579
1764945002.345294 -0.1036569 0.0156818 -0.0929956 -0.0452782 -0.4639904 -0.1362702 0.8741242
1764945002.469121 -0.1353761 0.0120156 -0.0993610 -0.0480934 -0.4272795 -0.1276609 0.8937684
1764945002.629108 -0.1086944 0.0076387 -0.0711390 -0.0444061 -0.4007863 -0.1147188 0.9078755
1764945002.749298 -0.1096165 0.0069400 -0.0679339 -0.0485187 -0.3795086 -0.1097722 0.9173709
1764945002.869015 -0.1097902 0.0050768 -0.0592724 -0.0516363 -0.3624950 -0.1016470 0.9249859
1764945002.949197 -0.1078474 0.0048291 -0.0594993 -0.0529254 -0.3483157 -0.0977439 0.9307638
1764945003.029314 -0.1071746 0.0045602 -0.0534167 -0.0523226 -0.3285693 -0.0908175 0.9386463
1764945003.109224 -0.1066416 0.0010084 -0.0465067 -0.0547714 -0.3208329 -0.0820149 0.9419873
1764945003.189220 -0.1015552 0.0037787 -0.0516747 -0.0442678 -0.3171299 -0.0849649 0.9435306
1764945003.229308 -0.0994547 0.0036135 -0.0492026 -0.0458014 -0.3083577 -0.0838395 0.9464612
1764945003.353003 -0.0967367 0.0041098 -0.0415858 -0.0536775 -0.2747887 -0.0756698 0.9570183
1764945003.433174 -0.0955679 0.0032185 -0.0403648 -0.0589417 -0.2564400 -0.0690322 0.9622884
1764945003.593198 -0.0909191 0.0019685 -0.0331631 -0.0608182 -0.2334791 -0.0605225 0.9685689
1764945003.673123 -0.0890765 0.0005402 -0.0309442 -0.0618651 -0.2231051 -0.0553808 0.9712517
1764945003.793020 -0.0846855 -0.0003310 -0.0260828 -0.0623909 -0.2049110 -0.0482821 0.9755961
1764945003.973121 -0.0771671 -0.0031405 -0.0212327 -0.0592151 -0.1758753 -0.0398988 0.9818195
1764945004.093178 -0.0754321 -0.0041889 -0.0202439 -0.0606555 -0.1605393 -0.0363968 0.9844914
1764945004.213239 -0.0753821 -0.0042698 -0.0164910 -0.0613993 -0.1518424 -0.0333310 0.9859326
1764945004.333188 -0.0735339 -0.0041745 -0.0158986 -0.0616690 -0.1403373 -0.0306607 0.9877056
1764945004.453205 -0.0720974 -0.0047260 -0.0133209 -0.0624811 -0.1328537 -0.0256348 0.9888321
1764945004.573123 -0.0706453 -0.0057276 -0.0110453 -0.0625069 -0.1185024 -0.0190231 0.9908018
1764945004.693334 -0.0644496 -0.0060697 -0.0112624 -0.0630276 -0.1043645 -0.0133916 0.9924496
1764945004.817116 -0.0613620 -0.0067258 -0.0131328 -0.0643956 -0.0804045 -0.0077807 0.9946496
1764945004.937071 -0.0573116 -0.0063528 -0.0113192 -0.0658360 -0.0640235 -0.0003605 0.9957743
1764945005.057063 -0.0543675 -0.0045908 -0.0065571 -0.0667118 -0.0462187 0.0086286 0.9966639
1764945005.297156 -0.0439949 -0.0045403 -0.0098585 -0.0689379 -0.0066334 0.0227559 0.9973394
1764945006.621263 0.0513664 -0.0034832 0.0023212 -0.0587875 0.1475203 0.0599485 0.9854887
1764945007.041245 0.0838286 -0.0012295 0.0035343 -0.0591394 0.1643314 0.0676692 0.9823027
1764945007.401299 0.0969080 -0.0034267 0.0017026 -0.0617062 0.2014423 0.0782521 0.9744177
1764945007.641118 0.1073984 -0.0039656 0.0116369 -0.0679000 0.2453613 0.0849772 0.9633101
1764945007.881287 0.1119778 -0.0074351 0.0220197 -0.0649024 0.2754168 0.1000825 0.9538956
1764945008.361180 0.1205646 -0.0081227 0.0209254 -0.0606532 0.2983307 0.1025248 0.9469998
1764945008.545273 0.1269445 -0.0066349 0.0134461 -0.0614199 0.3153451 0.1106204 0.9405043
1764945008.725281 0.1312534 -0.0057005 0.0155027 -0.0641761 0.3402590 0.1180650 0.9306804
1764945008.845397 0.1350275 -0.0052816 0.0135518 -0.0616751 0.3502054 0.1209345 0.9267833
1764945008.965146 0.1375488 -0.0049783 0.0129784 -0.0618412 0.3659954 0.1256105 0.9200245
1764945009.085166 0.1363391 -0.0075604 0.0108720 -0.0659575 0.3806317 0.1268555 0.9136065
1764945009.325276 0.1438007 -0.0041323 0.0092691 -0.0636758 0.3988498 0.1329324 0.9050929
1764945009.685285 0.1479980 -0.0042320 0.0086724 -0.0618428 0.4098052 0.1364806 0.8997823
1764945009.865242 0.1494356 -0.0052517 0.0082973 -0.0581529 0.4132983 0.1366733 0.8984004
1764945009.985219 0.1498885 -0.0057708 0.0072692 -0.0535078 0.4170677 0.1374718 0.8968238
1764945010.409212 0.1564378 -0.0049095 -0.0014042 -0.0551132 0.4490902 0.1428317 0.8802725
1764945010.769416 0.1631878 -0.0035416 -0.0071445 -0.0594554 0.4796228 0.1493076 0.8626322
1764945017.685441 0.1286294 -0.0043938 -0.0136794 -0.0632385 0.5054735 0.1448230 0.8482475
1764945018.165339 0.1405408 0.0000637 -0.0261881 -0.0534727 0.5373442 0.1619684 0.8259347
1764945018.525695 0.1481687 0.0027536 -0.0343312 -0.0532718 0.5559081 0.1704141 0.8118420
1764945018.765277 0.1514530 0.0042421 -0.0370905 -0.0524916 0.5641466 0.1739886 0.8054261
1764945019.245317 0.1494024 0.0045329 -0.0514196 -0.0454753 0.5915523 0.1755970 0.7855976
1764945020.209435 0.1503087 0.0081355 -0.0695708 -0.0409549 0.6349095 0.1875461 0.7483577
1764945020.869389 0.1537285 0.0094063 -0.0742271 -0.0375660 0.6467156 0.1901290 0.7376983
1764945021.229284 0.1563583 0.0100772 -0.0740685 -0.0426287 0.6599239 0.1949050 0.7243586
1764945021.413428 0.1599074 0.0097045 -0.0740618 -0.0437427 0.6647921 0.1991005 0.7186773
1764945023.217374 0.2459545 0.0193104 -0.1004213 -0.0470408 0.6755667 0.2034700 0.7071044
1764945025.681388 0.4343287 0.0300588 -0.1100230 -0.0486209 0.6939607 0.1947640 0.6914633
1764945025.861395 0.4451355 0.0318322 -0.1195499 -0.0536345 0.6955640 0.1997625 0.6880473
1764945026.281348 0.4710679 0.0349206 -0.1189702 -0.0496865 0.7078865 0.2008091 0.6753544
1764945026.461390 0.4846750 0.0370158 -0.1107082 -0.0492180 0.7096190 0.1966392 0.6747974
1764945026.581411 0.4936785 0.0545757 -0.1106111 -0.0460625 0.7113247 0.1826714 0.6771459
1764945026.701549 0.4986311 0.0663925 -0.1059051 -0.0405563 0.7158822 0.1697006 0.6760691
1764945026.885617 0.5008138 0.0970657 -0.1003360 -0.0243695 0.7171154 0.1585174 0.6782506
1764945027.065323 0.5207852 0.0668413 -0.0997721 -0.0397168 0.7146909 0.1800641 0.6746973
1764945027.185292 0.5295423 0.0735863 -0.0993409 -0.0363990 0.7213722 0.1768226 0.6686038
1764945027.365294 0.5530929 0.0579021 -0.0982483 -0.0446451 0.7168209 0.1917992 0.6688704
1764945027.545408 0.5734338 0.0494876 -0.0965073 -0.0532454 0.7185737 0.1892865 0.6670738
1764945027.725418 0.5867429 0.0463812 -0.0948374 -0.0572572 0.7248774 0.1861601 0.6607714
1764945027.905211 0.5999190 0.0492518 -0.0916874 -0.0548076 0.7270307 0.1820691 0.6597525
1764945028.025373 0.6038447 0.0506554 -0.0906715 -0.0369186 0.7244032 0.1875348 0.6623502
1764945028.145319 0.6090329 0.0637768 -0.0940906 -0.0401004 0.7181122 0.1790626 0.6712999
1764945028.325263 0.6171053 0.0507922 -0.1034203 -0.0482066 0.7130381 0.1870089 0.6740033
1764945028.505849 0.6181859 0.0666214 -0.1018010 -0.0495968 0.7148708 0.1816812 0.6734181
1764945028.625583 0.6169710 0.0763041 -0.1134341 -0.0488909 0.7111366 0.1650333 0.6816586
1764945028.749544 0.6169972 0.0625147 -0.1028222 -0.0440225 0.7158322 0.1742298 0.6747521
1764945028.869484 0.6180977 0.0688401 -0.0869334 -0.0387656 0.7165838 0.1694955 0.6754821
1764945033.137515 0.3363661 0.0281667 -0.0964951 -0.0667143 0.7025083 0.2053813 0.6781222
1764945033.437238 0.3053543 0.0241120 -0.1026915 -0.0676999 0.7056516 0.2032599 0.6753947
1764945033.737438 0.2701628 0.0182822 -0.1036012 -0.0642610 0.6950662 0.2017102 0.6870710
1764945033.977510 0.2284183 0.0340638 -0.1141836 -0.0723352 0.7041630 0.2043154 0.6761490
1764945034.221499 0.1947059 0.0297361 -0.1221622 -0.0719109 0.6916680 0.2032538 0.6892837
1764945034.401517 0.1744351 0.0271091 -0.1225322 -0.0620556 0.6931818 0.2003460 0.6895720
1764945034.821329 0.1290331 0.0233767 -0.1060676 -0.0580594 0.7077649 0.2020092 0.6744556
1764945035.061419 0.1012218 0.0202567 -0.0970952 -0.0606020 0.7142981 0.2053269 0.6662931
1764945035.481657 0.0779387 0.0110754 -0.0985356 -0.0674118 0.7115530 0.2057393 0.6684454
1764945035.721418 0.0732185 0.0083788 -0.0892582 -0.0621720 0.6910973 0.1927770 0.6937984
1764945035.961440 0.0605625 0.0082460 -0.0991820 -0.0592921 0.6521811 0.1870390 0.7322299
1764945036.205306 0.0418345 0.0140303 -0.1151198 -0.0640270 0.6280320 0.1763307 0.7552375
1764945036.505312 0.0296494 0.0173613 -0.1238195 -0.0677303 0.5720645 0.1558271 0.8024168
1764945036.745479 0.0203022 0.0246387 -0.1440963 -0.0716690 0.5219957 0.1549625 0.8356858
1764945037.045481 0.0155110 0.0206157 -0.1174190 -0.0637612 0.4884934 0.1465480 0.8578068
1764945037.405334 0.0179322 0.0144059 -0.0905242 -0.0622358 0.4581348 0.1293700 0.8772131
1764945037.645580 0.0175087 0.0073609 -0.0721553 -0.0651124 0.4083691 0.1181459 0.9027938
1764945037.889307 0.0245798 0.0065286 -0.0631448 -0.0631342 0.3429406 0.1075108 0.9310464
1764945038.249482 0.0281156 0.0044942 -0.0539611 -0.0641670 0.2559682 0.0702786 0.9619895
1764945038.609476 0.0320714 0.0017996 -0.0562328 -0.0630792 0.1976960 0.0552230 0.9766718
1764945039.089374 0.0246221 -0.0009192 -0.0526342 -0.0589094 0.1057499 0.0355955 0.9920079
1764945039.569376 0.0102224 0.0031814 -0.0518838 -0.0568662 0.0004284 0.0031774 0.9983767
1764945040.353446 0.0129440 0.0012144 -0.0301743 -0.0583982 -0.0176288 0.0029735 0.9981333
1764945040.953410 0.0002711 -0.0258911 0.0812557 -0.0520081 -0.0124826 -0.0074456 0.9985409
1764945041.677633 0.0115476 -0.0626448 0.2268318 -0.0439342 -0.0298218 -0.0001321 0.9985892
1764945042.457358 0.0343914 -0.0949732 0.3880039 -0.0604405 -0.0145365 -0.0100207 0.9980156
1764945043.177524 0.0232707 -0.1442036 0.5624268 -0.0590368 -0.0066157 0.0139919 0.9981359
1764945043.961495 0.0663237 -0.1934468 0.7508898 -0.0596687 -0.0315665 0.0058714 0.9977017
1764945044.801595 0.0615265 -0.2504666 0.9725022 -0.0660412 -0.0193654 0.0089634 0.9975887
1764945046.529597 0.0693559 -0.3507298 1.3918431 -0.0760105 -0.0143949 0.0032880 0.9969977
1764945047.373503 0.0999830 -0.3800784 1.5399717 -0.0735829 -0.0289777 -0.0078949 0.9968368
1764945047.973528 0.0755184 -0.4110300 1.6710670 -0.0862694 0.0806243 0.0267555 0.9926437
1764945048.417593 0.0666112 -0.4306495 1.7137040 -0.0954561 0.1601086 0.0451757 0.9814339
1764945051.909515 0.0518193 -0.3845830 1.5264913 -0.0819375 0.1230871 0.0243887 0.9887068
1764945052.489454 0.0635183 -0.3789266 1.4936867 -0.0923789 0.1949366 0.0582157 0.9747188
1764945053.213525 0.0822688 -0.3796972 1.4457228 -0.0899848 0.2110559 0.0505987 0.9720072
1764945054.173521 0.0480647 -0.3844927 1.4713856 -0.0737137 0.3039855 0.0879388 0.9457409
1764945054.777493 0.0291706 -0.3894678 1.4948313 -0.0673279 0.3512884 0.1029331 0.9281531
1764945055.377562 0.0679283 -0.3979785 1.5524598 -0.0498463 0.3991918 0.1110380 0.9087529
1764945055.917571 0.0966470 -0.4177971 1.6193454 -0.0519397 0.4256296 0.1204547 0.8953393
1764945056.217525 0.0862278 -0.4344425 1.6730067 -0.0474218 0.4596700 0.1266330 0.8777351
1764945056.581554 0.0656920 -0.4531871 1.7397797 -0.0492553 0.4672267 0.1450889 0.8707597
1764945056.821669 0.0628816 -0.4605915 1.7700469 -0.0452802 0.4711397 0.1513734 0.8677921
1764945057.121642 0.0813130 -0.4611977 1.7904279 -0.0516237 0.4824088 0.1452177 0.8622811
1764945057.481552 0.1074488 -0.4633028 1.8107198 -0.0626054 0.4881033 0.1483662 0.8578014
1764945057.721594 0.1208892 -0.4695281 1.8405139 -0.0597401 0.5060490 0.1524803 0.8468148
1764945057.961661 0.1273792 -0.4800365 1.8810225 -0.0591376 0.5250392 0.1692116 0.8319879
1764945058.261520 0.1260400 -0.4919765 1.9347163 -0.0604607 0.5396056 0.1720424 0.8219317
1764945058.505505 0.1259346 -0.5001026 1.9713103 -0.0611953 0.5553106 0.1744120 0.8108426
1764945058.745650 0.1359267 -0.5062963 2.0049267 -0.0669965 0.5553711 0.1827579 0.8085010
1764945058.985658 0.1571618 -0.5133293 2.0307846 -0.0669793 0.5690956 0.1750035 0.8006358
1764945059.285681 0.1881052 -0.5235618 2.0651569 -0.0562466 0.5860723 0.1798955 0.7880312
1764945059.585641 0.1985931 -0.5296172 2.0958056 -0.0653158 0.5874321 0.1734626 0.7877615
1764945060.189555 0.1920688 -0.5515179 2.2014182 -0.0671655 0.6304030 0.1904416 0.7495417
1764945060.489508 0.1891283 -0.5589536 2.2448440 -0.0664673 0.6404620 0.2109109 0.7354638
1764945060.789646 0.2042285 -0.5629122 2.2704496 -0.0628340 0.6463649 0.2044250 0.7324443
1764945060.969813 0.2151805 -0.5684689 2.2799563 -0.0646654 0.6387433 0.2059378 0.7385222
1764945061.269624 0.2378200 -0.5728902 2.3036082 -0.0705125 0.6527288 0.2056052 0.7257408
1764945061.809488 0.2466164 -0.5986321 2.4094081 -0.0709205 0.6782516 0.2251304 0.6958889
1764945062.053681 0.2693350 -0.5996587 2.4285092 -0.0738908 0.6803474 0.2259786 0.6932541
1764945062.773894 0.3251436 -0.6003006 2.4339499 -0.0572376 0.6695720 0.2141436 0.7089003
1764945062.953708 0.3378601 -0.5990419 2.4309063 -0.0646256 0.6615603 0.2146754 0.7155948
1764945063.193633 0.3659935 -0.5986847 2.4360414 -0.0706102 0.6644666 0.2093870 0.7139016
1764945063.917555 0.4864533 -0.6228582 2.5125742 -0.0551118 0.6939317 0.2136767 0.6853932
1764945064.117734 0.5197225 -0.6247151 2.5256917 -0.0529747 0.6908172 0.2134272 0.6887772
1764945064.317699 0.5540679 -0.6250571 2.5314441 -0.0501723 0.6935982 0.2092145 0.6874835
1764945064.761791 0.6265228 -0.6314541 2.5307860 -0.0521951 0.6909301 0.2057370 0.6910597
1764945064.961645 0.6593690 -0.6309953 2.5366623 -0.0556617 0.6883247 0.2093665 0.6922980
1764945065.161615 0.7004921 -0.6302719 2.5465500 -0.0581156 0.6955500 0.2046648 0.6862544
1764945065.561678 0.7757251 -0.6363993 2.5796294 -0.0583138 0.7113062 0.2248501 0.6633894
1764945065.925535 0.8198826 -0.6348901 2.5900412 -0.0535519 0.7146211 0.2353354 0.6565562
1764945066.609951 0.8726473 -0.6299596 2.5753298 -0.0629996 0.7093946 0.2281058 0.6638961
1764945067.009749 0.8738935 -0.6283942 2.5739954 -0.0660321 0.7071199 0.2224299 0.6679417
1764945067.413670 0.8376019 -0.6320352 2.5841680 -0.0684401 0.7113726 0.2289739 0.6609357
1764945067.613708 0.8161645 -0.6377361 2.5901003 -0.0734797 0.7106511 0.2343762 0.6592751
1764945067.853596 0.7804618 -0.6336634 2.5838394 -0.0728881 0.6979926 0.2316307 0.6736772
1764945068.053822 0.7444305 -0.6337777 2.5736668 -0.0758754 0.6898537 0.2232871 0.6844617
1764945068.297667 0.6942604 -0.6304417 2.5605865 -0.0805980 0.6834975 0.2244375 0.6899007
1764945068.537743 0.6576120 -0.6255325 2.5494571 -0.0765632 0.6731209 0.2203341 0.7017829
1764945068.817741 0.6228099 -0.6306000 2.5522594 -0.0746281 0.6850168 0.2122903 0.6929036
1764945069.057652 0.5911160 -0.6217331 2.5563929 -0.0832509 0.6939225 0.2293447 0.6774526
1764945069.341734 0.5555832 -0.6227760 2.5509038 -0.0837547 0.7020630 0.2401012 0.6651647
1764945069.701662 0.5010397 -0.6178575 2.5315802 -0.0849257 0.6818346 0.2275867 0.6899953
1764945070.001777 0.4464717 -0.6071543 2.5044231 -0.0939550 0.6729444 0.2277079 0.6974722
1764945070.361758 0.4008327 -0.6112885 2.4961274 -0.0801230 0.6692031 0.2221412 0.7045572
1764945070.721606 0.3792398 -0.6163141 2.5066102 -0.0876011 0.6592368 0.2084779 0.7171261
1764945071.085635 0.3665938 -0.6184895 2.5042429 -0.0726611 0.6974769 0.2216306 0.6775886
1764945071.565818 0.3397844 -0.6154350 2.5098581 -0.0737567 0.7093056 0.2277327 0.6630108
1764945071.985665 0.3028367 -0.6113874 2.4996924 -0.0759785 0.6928659 0.2236457 0.6812831
1764945072.345613 0.2671702 -0.6069477 2.4823244 -0.0792055 0.6653588 0.2064492 0.7130238
1764945072.765744 0.2752340 -0.5978202 2.4541335 -0.0810253 0.6775700 0.2174889 0.6978770
1764945073.249717 0.3045754 -0.5954149 2.4557981 -0.0742839 0.7269299 0.2352868 0.6408550
1764945073.789620 0.3109515 -0.5941329 2.4445424 -0.0655684 0.7814372 0.2563450 0.5651053
1764945074.269789 0.3023548 -0.5949409 2.4268374 -0.0529990 0.8154476 0.2686340 0.5099727
1764945074.713592 0.2997808 -0.5928214 2.4146926 -0.0512541 0.8347350 0.2658243 0.4795081
1764945075.817912 0.2755675 -0.5914090 2.3814316 -0.0539460 0.8805847 0.2636026 0.3900951
1764945075.997977 0.2743554 -0.5884411 2.3784919 -0.0527108 0.8883358 0.2655752 0.3708786
1764945077.017814 0.2431695 -0.5839443 2.3469176 -0.0403861 0.9218166 0.2879239 0.2563647
1764945078.161914 0.2100142 -0.5783399 2.3328726 -0.0290035 0.9428900 0.2996084 0.1426609
1764945078.641779 0.1903651 -0.5767575 2.3250704 -0.0239014 0.9474477 0.2988041 0.1117486
1764945078.761836 0.1891855 -0.5773733 2.3258324 -0.0233939 0.9479322 0.2991035 0.1068382
1764945078.941629 0.2015022 -0.5750471 2.3366380 -0.0222886 0.9461961 0.3019244 0.1142709
1764945079.061665 0.2114624 -0.5813713 2.3381872 -0.0269722 0.9404233 0.3052706 0.1472636
1764945080.565796 0.2479877 -0.5910960 2.3634217 -0.0497131 0.9035125 0.2564761 0.3397261
1764945081.169923 0.2570257 -0.5919915 2.3620102 -0.0464686 0.9124975 0.2548554 0.3166035
1764945102.514150 0.2568030 -0.5981922 2.3453562 -0.0536350 0.9023700 0.2494055 0.3473450
1764945102.813943 0.2470520 -0.5944437 2.3396809 -0.0587456 0.9008260 0.2478041 0.3516455
1764945103.114033 0.2234015 -0.5837500 2.3240995 -0.0688431 0.9015207 0.2447817 0.3501471
1764945104.558093 0.2783346 -0.6027114 2.3673289 -0.0414651 0.9308266 0.2402811 0.2722269
1764945105.222004 0.2828240 -0.6070050 2.3811913 -0.0342078 0.9413745 0.2342507 0.2403547
1764945105.882008 0.2855685 -0.6059634 2.3840828 -0.0330897 0.9453375 0.2355363 0.2230804
1764945109.910073 0.2363291 -0.6099405 2.3842230 -0.0276071 0.9675086 0.2342016 0.0911840
1764945111.114110 0.2208746 -0.6074762 2.3807037 -0.0272026 0.9694494 0.2363544 0.0597036
1764945112.014139 0.2167337 -0.6055956 2.3772178 -0.0303115 0.9694799 0.2406891 0.0354779
1764945114.902252 0.1740627 -0.6058447 2.3776476 0.0236743 -0.9663957 -0.2486656 0.0606979
1764945116.106218 0.1489573 -0.6092068 2.3777728 0.0206194 -0.9634818 -0.2487112 0.0970583
1764945117.006124 0.1102436 -0.6066709 2.3741107 0.0215677 -0.9562054 -0.2483039 0.1534647
1764945118.494128 0.0864751 -0.6062395 2.3658266 0.0037847 -0.9458650 -0.2549407 0.2008239
1764945118.974211 0.0513839 -0.6083882 2.3715794 0.0149711 -0.9481407 -0.2561981 0.1875305
1764945119.778160 -0.0094168 -0.6098035 2.3713555 0.0256522 -0.9581498 -0.2547135 0.1281091
1764945123.294118 -0.0630314 -0.6045221 2.3207092 0.0235941 -0.9371163 -0.2591174 0.2326254
1764945123.694102 -0.0538499 -0.6005088 2.2959428 0.0219532 -0.9306245 -0.2534241 0.2631202
1764945123.858189 -0.0515587 -0.5987908 2.2907190 0.0177436 -0.9283983 -0.2527615 0.2717967
1764945124.058077 -0.0525568 -0.5985049 2.2919207 0.0135835 -0.9296212 -0.2535746 0.2670577
1764945124.702400 -0.0869727 -0.6056689 2.3504281 0.0349188 -0.9510803 -0.2635846 0.1573214
1764945124.942145 -0.1038951 -0.6127350 2.3743091 0.0386520 -0.9536196 -0.2684828 0.1305093
1764945125.222438 -0.1187699 -0.6173224 2.3855329 0.0368348 -0.9572759 -0.2658764 0.1075911
1764945125.422133 -0.1273520 -0.6182377 2.3812928 0.0347552 -0.9590954 -0.2637683 0.0967187
1764945125.706205 -0.1351651 -0.6155961 2.3780355 0.0422527 -0.9588574 -0.2625182 0.0994565
1764945126.286318 -0.1663836 -0.6186556 2.3997440 0.0383519 -0.9607167 -0.2743829 0.0163257
1764945126.586326 -0.1934077 -0.6220208 2.4196901 -0.0406269 0.9615452 0.2682295 0.0428182
1764945126.886328 -0.2063174 -0.6290186 2.4294899 -0.0389594 0.9581306 0.2709033 0.0841392
1764945127.190081 -0.2063241 -0.6253902 2.4203694 -0.0434528 0.9587850 0.2650785 0.0926102
1764945127.550309 -0.2149289 -0.6249858 2.4146261 -0.0356885 0.9569625 0.2582756 0.1274480
1764945127.850111 -0.2276875 -0.6295133 2.4313879 -0.0415856 0.9473895 0.2618172 0.1793752
1764945128.210073 -0.2521372 -0.6300036 2.4462824 -0.0469455 0.9291883 0.2621584 0.2562778
1764945128.510081 -0.2678359 -0.6281019 2.4511604 -0.0435354 0.9204433 0.2614696 0.2872672
1764945128.814292 -0.2660272 -0.6352400 2.4553862 -0.0430387 0.9251766 0.2552560 0.2775614
1764945129.174461 -0.2521124 -0.6325389 2.4559002 -0.0399770 0.9253021 0.2586227 0.2744669
1764945129.474279 -0.2620249 -0.6417344 2.4700556 -0.0404949 0.9091224 0.2539812 0.3276433
1764945130.434364 -0.2737932 -0.6309911 2.4758475 -0.0470006 0.8459403 0.2265119 0.4804877
1764945130.858323 -0.2765107 -0.6364818 2.4814305 -0.0474793 0.8229047 0.2239396 0.5200237
1764945131.338241 -0.2801278 -0.6379135 2.4848311 -0.0426470 0.8200859 0.2203823 0.5263764
1764945131.938353 -0.2853656 -0.6363546 2.5026557 -0.0483755 0.7896058 0.2231816 0.5695372
1764945132.418331 -0.2760425 -0.6469396 2.5096464 -0.0485217 0.7918519 0.2193237 0.5679026
1764945132.902358 -0.2640364 -0.6455156 2.5236540 -0.0405006 0.7922725 0.2287460 0.5642156
1764945133.866388 -0.3103945 -0.6423463 2.5071359 -0.0525236 0.7255735 0.2052976 0.6547039
1764945134.346346 -0.3509903 -0.6444322 2.5054631 -0.0615027 0.6831462 0.1974918 0.7003754
1764945134.830259 -0.3895752 -0.6465311 2.5145769 -0.0618647 0.6774790 0.1863555 0.7088488
1764945135.430152 -0.4403446 -0.6512174 2.5288970 -0.0703010 0.6761087 0.1959265 0.7067868
1764945135.994271 -0.4963121 -0.6520691 2.5131311 -0.0592141 0.6410852 0.1812306 0.7434103
1764945136.558444 -0.5522270 -0.6447774 2.4923010 -0.0608130 0.6258795 0.1830849 0.7556828
1764945137.078362 -0.5249977 -0.6499970 2.5031958 -0.0628234 0.6576090 0.1835761 0.7279447
1764945137.562563 -0.4693878 -0.6592152 2.5489547 -0.0528187 0.6903404 0.1984073 0.6937398
1764945138.002394 -0.4263816 -0.6573673 2.5623705 -0.0474942 0.7212206 0.2099044 0.6584263
1764945138.646285 -0.3384428 -0.6491165 2.5259728 -0.0289647 0.7769341 0.2139390 0.5914089
1764945139.370356 -0.2451870 -0.6528610 2.5263538 -0.0405861 0.8539131 0.2398598 0.4600572
1764945140.150465 -0.1468394 -0.6393862 2.5049436 -0.0311063 0.9052262 0.2525563 0.3403135
1764945140.634391 -0.1093669 -0.6257640 2.4463639 -0.0251844 0.9145506 0.2468268 0.3194362
1764945141.114312 -0.0942755 -0.6133984 2.3867283 -0.0142729 0.9353276 0.2537091 0.2461508
1764945141.534496 -0.0277921 -0.5984101 2.3292422 0.0037753 0.9553708 0.2701001 0.1195757
1764945142.074426 0.0152082 -0.5940309 2.2955630 0.0005184 0.9626826 0.2659145 0.0503128
1764945142.438295 0.0216614 -0.5862840 2.2807605 -0.0224388 0.9613703 0.2732392 0.0245735
1764945143.518363 0.1007627 -0.5705184 2.2208507 0.0026099 -0.9572671 -0.2696357 0.1045441
1764945143.998310 0.0945016 -0.5693886 2.2304285 0.0110238 -0.9588723 -0.2703134 0.0858669
1764945146.186363 0.1940728 -0.5817899 2.2748322 0.0118263 -0.9366320 -0.2651809 0.2286038
1764945147.110353 0.2220314 -0.5815020 2.2733555 0.0013023 -0.9120518 -0.2496157 0.3253488
1764945147.394472 0.2197609 -0.5818416 2.2759395 0.0012145 -0.9022822 -0.2481813 0.3525498
1764945148.158475 0.2155476 -0.5824128 2.2728949 -0.0030921 -0.9046486 -0.2477007 0.3467647
1764945148.918532 0.1871591 -0.5837773 2.2748716 -0.0038411 -0.9151202 -0.2448351 0.3203060
1764945149.362441 0.1667166 -0.5843925 2.2756739 -0.0019115 -0.9148609 -0.2443722 0.3214159
1764945150.006371 0.1336377 -0.5876621 2.2823424 0.0026167 -0.9127597 -0.2458426 0.3262274
1764945150.326308 0.1255629 -0.5875185 2.2881675 0.0125999 -0.9102423 -0.2537726 0.3269552
1764945150.606494 0.1154282 -0.5840365 2.2792406 0.0146665 -0.9027088 -0.2561843 0.3453571
1764945151.170396 0.1244979 -0.5744495 2.2250421 0.0214161 -0.8942803 -0.2452981 0.3736750
1764945151.450485 0.1221006 -0.5720908 2.2066855 0.0177433 -0.8910029 -0.2389529 0.3856171
1764945151.734473 0.1248178 -0.5679451 2.1907792 0.0077976 -0.8795956 -0.2424373 0.4092370
1764945152.094403 0.1151147 -0.5667732 2.1898880 0.0142917 -0.9018240 -0.2418542 0.3577929
1764945152.374394 0.0756478 -0.5664308 2.2169492 0.0223896 -0.9105819 -0.2421288 0.3342348
1764945152.658314 0.0501850 -0.5725853 2.2351310 0.0421460 -0.9181608 -0.2447194 0.3087344
1764945152.938318 0.0393660 -0.5803951 2.2403059 0.0383008 -0.9208440 -0.2210846 0.3189059
